"code"	"data"	"Country"	"Collection"	"A"	"B"	"C"	"D"	"E"	"G"	"O"	"R"	"group"
"BUD15_O"	"sequencing"	"Ug"	"Alex"	9.994e-05	9.994e-05	9.994e-05	9.994e-05	9.994e-05	9.994e-05	0.9993	9.994e-05	"O"
"Can33_B"	"sequencing"	"RDC"	"Meise"	9.99553e-05	0.0286037	9.99553e-05	9.99553e-05	0.00631922	9.99553e-05	0.964577	9.99553e-05	"O"
"ZK2_5_B"	"sequencing"	"Ug"	"NARO"	9.99553e-05	0.0286056	9.99553e-05	9.99553e-05	0.065679	9.99553e-05	0.905216	9.99553e-05	"O"
"MB3_1_O"	"sequencing"	"Ug"	"NARO"	9.99642e-05	0.075633	0.00589819	9.99642e-05	0.182395	9.99642e-05	0.735674	9.99642e-05	"O"
"BD5_1_O"	"sequencing"	"Ug"	"NARO"	9.99642e-05	9.99642e-05	0.0086007	0.00283102	9.99642e-05	9.99642e-05	0.892553	0.0956156	"O"
"KB2_1_O"	"sequencing"	"Ug"	"NARO"	9.99551e-05	9.99551e-05	9.99551e-05	0.0407684	9.99551e-05	0.00288666	0.955845	9.99551e-05	"O"
"IT1_1_O"	"sequencing"	"Ug"	"NARO"	9.99551e-05	9.99551e-05	9.99551e-05	9.99551e-05	9.99551e-05	0.00617347	0.917426	0.0759011	"O"
"M1361_NA"	"sequencing"	"RDC"	"Meise"	9.99463e-05	0.165101	9.99463e-05	9.99463e-05	9.99463e-05	9.99463e-05	0.834299	9.99463e-05	"O"
"ML5_1_O"	"sequencing"	"Ug"	"NARO"	9.99553e-05	9.99553e-05	9.99553e-05	9.99553e-05	0.409349	9.99553e-05	0.578973	0.0111789	"hb"
"BGQ21_B"	"sequencing"	"RDC"	"Meise"	9.99642e-05	0.4913	0.00905508	9.99642e-05	9.99642e-05	9.99642e-05	0.264455	0.23479	"hb"
"C031_BGQ23_B"	"sequencing"	"RDC"	"Meise"	9.99731e-05	0.447207	0.0404254	9.99731e-05	0.150851	9.99731e-05	0.283268	0.0779495	"hb"
"Can36_B"	"sequencing"	"RDC"	"Meise"	0.0558864	0.173408	9.99732e-05	0.0087086	9.99732e-05	9.99732e-05	0.695592	0.0661046	"hb"
"ML3_3_O"	"sequencing"	"Ug"	"NARO"	0.00474851	0.101374	9.99731e-05	9.99731e-05	0.229339	9.99731e-05	0.484031	0.180207	"hb"
"20511_B"	"sequencing"	"RCA"	"CNRA"	9.994e-05	0.9993	9.994e-05	9.994e-05	9.994e-05	9.994e-05	9.994e-05	9.994e-05	"B"
"ZO16_O"	"sequencing"	"Ug"	"Alex"	9.99553e-05	0.146274	9.99553e-05	9.99553e-05	0.0345969	9.99553e-05	0.81863	9.99553e-05	"O"
"20511_array_NA"	"array"	NA	NA	9.994e-05	0.9993	9.994e-05	9.994e-05	9.994e-05	9.994e-05	9.994e-05	9.994e-05	"B"
"20555_array_B"	"array"	NA	"CNRA"	9.99552e-05	0.95624	9.99552e-05	9.99552e-05	9.99552e-05	0.0110036	0.0322568	9.99552e-05	"B"
"20583_array_B"	"array"	NA	"CNRA"	9.99552e-05	0.981956	9.99552e-05	0.00703201	9.99552e-05	0.0105119	9.99552e-05	9.99552e-05	"B"
"20502_array_B"	"array"	NA	"CNRA"	0.0058807	0.77972	9.99732e-05	9.99732e-05	9.99732e-05	0.00201677	0.170047	0.0420356	"B"
"BGQ21_array_B"	"array"	NA	"Meise"	9.99732e-05	0.490106	0.053295	9.99732e-05	0.0207938	9.99732e-05	0.268003	0.167502	"hb"
"BGQ23_array_B"	"array"	NA	"Meise"	9.99731e-05	0.445466	0.0610199	9.99731e-05	0.139652	9.99731e-05	0.307809	0.0457526	"hb"
"Can33_array_NA"	"array"	NA	NA	9.99464e-05	9.99464e-05	9.99464e-05	9.99464e-05	9.99464e-05	9.99464e-05	0.933762	0.0656382	"O"
"Can36_array_NA"	"array"	NA	NA	0.0114592	0.215233	9.99642e-05	9.99642e-05	9.99642e-05	9.99642e-05	0.700455	0.0724533	"O"
"BD2_2_array_O"	"array"	NA	"NARO"	9.99552e-05	0.114986	9.99552e-05	9.99552e-05	9.99552e-05	0.00497409	0.87954	9.99552e-05	"O"
"BD3_1_array_O"	"array"	NA	"NARO"	9.99553e-05	0.146854	9.99553e-05	9.99553e-05	0.108387	9.99553e-05	0.744259	9.99553e-05	"O"
"BD3_2_array_O"	"array"	NA	"NARO"	9.994e-05	9.994e-05	9.994e-05	9.994e-05	9.994e-05	9.994e-05	0.9993	9.994e-05	"O"
"BD4_5_array_O"	"array"	NA	"NARO"	9.99463e-05	0.0752724	9.99463e-05	9.99463e-05	9.99463e-05	9.99463e-05	0.924128	9.99463e-05	"O"
"BD5_2_array_O"	"array"	NA	"NARO"	9.99463e-05	0.110125	9.99463e-05	9.99463e-05	9.99463e-05	9.99463e-05	0.889275	9.99463e-05	"O"
"BD5-4_array_O"	"array"	NA	"NARO"	9.99463e-05	0.201054	9.99463e-05	9.99463e-05	9.99463e-05	9.99463e-05	0.798346	9.99463e-05	"O"
"IT1_1_array_O"	"array"	NA	"NARO"	9.99462e-05	9.99462e-05	9.99462e-05	9.99462e-05	9.99462e-05	0.0104521	0.988948	9.99462e-05	"O"
"IT2_1_array_O"	"array"	NA	"NARO"	9.994e-05	9.994e-05	9.994e-05	9.994e-05	9.994e-05	9.994e-05	0.9993	9.994e-05	"O"
"IT3_1_array_O"	"array"	NA	"NARO"	9.99462e-05	0.103633	9.99462e-05	9.99462e-05	9.99462e-05	9.99462e-05	0.895767	9.99462e-05	"O"
"IT3_4_array_O"	"array"	NA	"NARO"	9.99551e-05	9.99551e-05	9.99551e-05	9.99551e-05	9.99551e-05	0.041344	0.910365	0.047791	"O"
"IT4_1_array_O"	"array"	NA	"NARO"	9.99462e-05	9.99462e-05	0.0237365	9.99462e-05	9.99462e-05	9.99462e-05	0.975664	9.99462e-05	"O"
"IT5_1_array_O"	"array"	NA	"NARO"	0.00971997	0.0411238	0.0222079	9.9973e-05	9.9973e-05	0.0564874	0.870161	9.9973e-05	"O"
"KB1_4_array_O"	"array"	NA	"NARO"	9.99461e-05	9.99461e-05	0.044078	9.99461e-05	9.99461e-05	9.99461e-05	0.955322	9.99461e-05	"O"
"KB1_5_array_O"	"array"	NA	"NARO"	9.994e-05	9.994e-05	9.994e-05	9.994e-05	9.994e-05	9.994e-05	0.9993	9.994e-05	"O"
"KB2_4_array_O"	"array"	NA	"NARO"	0.0169045	0.036401	0.00342119	0.0209948	9.9973e-05	9.9973e-05	0.921979	9.9973e-05	"O"
"KB3_1_array_O"	"array"	NA	"NARO"	9.99641e-05	0.0479013	9.99641e-05	0.00166646	9.99641e-05	0.0189523	0.93108	9.99641e-05	"O"
"KB4_1_array_O"	"array"	NA	"NARO"	0.00154878	0.0283715	9.99731e-05	0.000445895	9.99731e-05	0.00362081	0.965713	9.99731e-05	"O"
"KB4-4_array_O"	"array"	NA	"NARO"	9.994e-05	9.994e-05	9.994e-05	9.994e-05	9.994e-05	9.994e-05	0.9993	9.994e-05	"O"
"ML2_4_array_O"	"array"	NA	"NARO"	9.9964e-05	9.9964e-05	9.9964e-05	0.0419224	0.343706	9.9964e-05	0.462794	0.151178	"hb"
"ML4_1_array_O"	"array"	NA	"NARO"	9.99463e-05	9.99463e-05	9.99463e-05	9.99463e-05	0.401355	9.99463e-05	0.598046	9.99463e-05	"hb"
"ML5_1_array_O"	"array"	NA	"NARO"	9.99462e-05	9.99462e-05	9.99462e-05	9.99462e-05	0.461059	9.99462e-05	0.538341	9.99462e-05	"hb"
"ML6_2_array_O"	"array"	NA	"NARO"	9.99553e-05	9.99553e-05	9.99553e-05	9.99553e-05	0.195321	9.99553e-05	0.677885	0.126294	"hb"
"ML6_3_array_O"	"array"	NA	"NARO"	9.99463e-05	9.99463e-05	9.99463e-05	9.99463e-05	0.289045	9.99463e-05	0.710356	9.99463e-05	"O"
"ZK2_1_array_O"	"array"	NA	"NARO"	9.99552e-05	0.12358	9.99552e-05	9.99552e-05	9.99552e-05	9.99552e-05	0.874805	0.00111602	"O"
"ZK2_4_array_O"	"array"	NA	"NARO"	9.99642e-05	0.129686	9.99642e-05	9.99642e-05	0.0382433	9.99642e-05	0.79066	0.0410114	"O"
"ZK3_3_array_O"	"array"	NA	"NARO"	9.99463e-05	9.99463e-05	0.00990583	9.99463e-05	9.99463e-05	9.99463e-05	0.989494	9.99463e-05	"O"
"ZK4_3_array_O"	"array"	NA	"NARO"	9.99554e-05	0.0257369	9.99554e-05	9.99554e-05	0.0455708	9.99554e-05	0.928193	9.99554e-05	"O"
"ZK4_5_array_O"	"array"	NA	"NARO"	9.99463e-05	0.0695264	9.99463e-05	9.99463e-05	9.99463e-05	9.99463e-05	0.929874	9.99463e-05	"O"
"ZK5_1_array_O"	"array"	NA	"NARO"	9.99554e-05	0.103961	9.99554e-05	9.99554e-05	9.99554e-05	9.99554e-05	0.852174	0.0433654	"O"
"20511_kasp"	"kasp"	NA	NA	9.994e-05	0.9993	9.994e-05	9.994e-05	9.994e-05	9.994e-05	9.994e-05	9.994e-05	"B"
"20555_kasp"	"kasp"	NA	NA	9.99731e-05	0.919177	0.0155842	0.0195958	9.99731e-05	0.0227793	0.0225633	9.99731e-05	"B"
"20583_kasp"	"kasp"	NA	NA	9.99462e-05	0.98338	9.99462e-05	9.99462e-05	9.99462e-05	0.0160206	9.99462e-05	9.99462e-05	"B"
"M1413_NA"	"sequencing"	"RDC"	"Meise"	0.364958	0.00539575	9.99731e-05	0.0170189	0.0585245	0.553803	9.99731e-05	9.99731e-05	"hb"
"BGQ07_A"	"sequencing"	"Gabon"	"Meise"	0.802422	9.99554e-05	9.99554e-05	0.0408386	9.99554e-05	0.15624	9.99554e-05	9.99554e-05	"A"
"20708_A"	"sequencing"	"Togo"	"CNRA"	0.948789	9.99553e-05	0.0189501	9.99553e-05	9.99553e-05	0.0317608	9.99553e-05	9.99553e-05	"A"
"20723_A"	"sequencing"	"Congo"	"CNRA"	0.9993	9.994e-05	9.994e-05	9.994e-05	9.994e-05	9.994e-05	9.994e-05	9.994e-05	"A"
"Boim_7_G"	"sequencing"	"Angola"	"INCA"	9.99463e-05	9.99463e-05	9.99463e-05	9.99463e-05	9.99463e-05	0.989293	9.99463e-05	0.0101074	"G"
"Briz_2_G"	"sequencing"	"Angola"	"INCA"	9.994e-05	9.994e-05	9.994e-05	9.994e-05	9.994e-05	0.9993	9.994e-05	9.994e-05	"G"
"Amboim01_array_G"	"array"	NA	"ClassM"	9.994e-05	9.994e-05	9.994e-05	9.994e-05	9.994e-05	0.9993	9.994e-05	9.994e-05	"G"
"Amboim02_array_G"	"array"	NA	"ClassM"	9.99641e-05	0.0129526	0.0382008	0.00265174	9.99641e-05	0.945795	9.99641e-05	9.99641e-05	"G"
"Amboim04_array_G"	"array"	NA	"ClassM"	0.0407655	9.99462e-05	9.99462e-05	9.99462e-05	9.99462e-05	0.958635	9.99462e-05	9.99462e-05	"G"
"Amboim05_array_G"	"array"	NA	"ClassM"	9.994e-05	9.994e-05	9.994e-05	9.994e-05	9.994e-05	0.9993	9.994e-05	9.994e-05	"G"
"Boim_7_array_G"	"array"	NA	"ClassM"	0.00868855	0.00353712	9.99642e-05	9.99642e-05	9.99642e-05	0.972183	0.0151917	9.99642e-05	"G"
"Amboim08_array_G"	"array"	NA	"ClassM"	9.994e-05	9.994e-05	9.994e-05	9.994e-05	9.994e-05	0.9993	9.994e-05	9.994e-05	"G"
"Amboim09_array_G"	"array"	NA	"ClassM"	0.000877855	9.99552e-05	9.99552e-05	0.0169113	9.99552e-05	0.981711	9.99552e-05	9.99552e-05	"G"
"Amboim10_array_G"	"array"	NA	"ClassM"	9.99462e-05	9.99462e-05	9.99462e-05	0.022359	9.99462e-05	0.977041	9.99462e-05	9.99462e-05	"G"
"Ambriz01_array_G"	"array"	NA	"ClassM"	9.994e-05	9.994e-05	9.994e-05	9.994e-05	9.994e-05	0.9993	9.994e-05	9.994e-05	"G"
"Briz_2_array_G"	"array"	NA	"ClassM"	9.99463e-05	9.99463e-05	9.99463e-05	9.99463e-05	0.0162709	0.983129	9.99463e-05	9.99463e-05	"G"
"Ambriz03_array_G"	"array"	NA	"ClassM"	9.99552e-05	9.99552e-05	9.99552e-05	0.004686	0.0108833	0.983931	9.99552e-05	9.99552e-05	"G"
"Ambriz04_array_G"	"array"	NA	"ClassM"	9.99551e-05	9.99551e-05	0.00440597	0.00814235	9.99551e-05	0.986952	9.99551e-05	9.99551e-05	"G"
"Ambriz05_array_G"	"array"	NA	"ClassM"	9.994e-05	9.994e-05	9.994e-05	9.994e-05	9.994e-05	0.9993	9.994e-05	9.994e-05	"G"
"Ambriz06_array_G"	"array"	NA	"ClassM"	9.994e-05	9.994e-05	9.994e-05	9.994e-05	9.994e-05	0.9993	9.994e-05	9.994e-05	"G"
"Ambriz07_array_G"	"array"	NA	"ClassM"	9.99641e-05	0.0436948	0.0107091	0.00369425	9.99641e-05	0.941502	9.99641e-05	9.99641e-05	"G"
"Ambriz08_array_G"	"array"	NA	"ClassM"	9.99463e-05	9.99463e-05	0.0104216	9.99463e-05	9.99463e-05	0.988979	9.99463e-05	9.99463e-05	"G"
"Ambriz09_array_G"	"array"	NA	"ClassM"	9.994e-05	9.994e-05	9.994e-05	9.994e-05	9.994e-05	0.9993	9.994e-05	9.994e-05	"G"
"AnaMaria02_array_G"	"array"	NA	"ClassM"	0.00688736	9.99464e-05	9.99464e-05	9.99464e-05	9.99464e-05	0.992513	9.99464e-05	9.99464e-05	"G"
"AnaMaria03_array_G"	"array"	NA	"ClassM"	0.0492485	9.99463e-05	9.99463e-05	9.99463e-05	9.99463e-05	0.950152	9.99463e-05	9.99463e-05	"G"
"AnaMaria04_array_G"	"array"	NA	"ClassM"	9.994e-05	9.994e-05	9.994e-05	9.994e-05	9.994e-05	0.9993	9.994e-05	9.994e-05	"G"
"AnaMaria05_array_G"	"array"	NA	"ClassM"	0.0193437	9.99642e-05	0.0733473	9.99642e-05	9.99642e-05	0.877555	9.99642e-05	0.029354	"G"
"AnaMaria07_array_G"	"array"	NA	"ClassM"	0.0302663	9.99462e-05	9.99462e-05	9.99462e-05	9.99462e-05	0.969134	9.99462e-05	9.99462e-05	"G"
"AnaMaria08_array_G"	"array"	NA	"ClassM"	9.994e-05	9.994e-05	9.994e-05	9.994e-05	9.994e-05	0.9993	9.994e-05	9.994e-05	"G"
"AnaMaria09_array_G"	"array"	NA	"ClassM"	9.994e-05	9.994e-05	9.994e-05	9.994e-05	9.994e-05	0.9993	9.994e-05	9.994e-05	"G"
"20708_array_NA"	"array"	NA	NA	0.9993	9.994e-05	9.994e-05	9.994e-05	9.994e-05	9.994e-05	9.994e-05	9.994e-05	"A"
"20715_array_A"	"array"	NA	"CNRA"	0.98825	9.99464e-05	9.99464e-05	9.99464e-05	9.99464e-05	0.0111504	9.99464e-05	9.99464e-05	"A"
"20723_array_A"	"array"	NA	"CNRA"	0.9993	9.994e-05	9.994e-05	9.994e-05	9.994e-05	9.994e-05	9.994e-05	9.994e-05	"A"
"20724_array_A"	"array"	NA	"CNRA"	0.9993	9.994e-05	9.994e-05	9.994e-05	9.994e-05	9.994e-05	9.994e-05	9.994e-05	"A"
"20693_array_A"	"array"	NA	"CNRA"	0.923661	0.0110503	9.99642e-05	9.99642e-05	9.99642e-05	0.0517109	9.99642e-05	0.0131778	"A"
"20695_array_A"	"array"	NA	"CNRA"	0.976425	9.99462e-05	9.99462e-05	9.99462e-05	9.99462e-05	9.99462e-05	9.99462e-05	0.022975	"A"
"CNRA4A3_array_NA"	"array"	NA	NA	0.869299	9.99463e-05	9.99463e-05	9.99463e-05	9.99463e-05	0.130101	9.99463e-05	9.99463e-05	"A"
"Q121_array_AD"	"array"	NA	"ICCRI"	0.482709	9.99732e-05	0.0102714	0.016634	0.0927718	0.397314	9.99732e-05	9.99732e-05	"hb"
"K9_34_3_array_NA"	"array"	NA	NA	0.834859	9.99463e-05	9.99463e-05	9.99463e-05	9.99463e-05	0.164542	9.99463e-05	9.99463e-05	"A"
"FRT81_array_A"	"array"	NA	"Nestlé"	0.985488	9.99463e-05	9.99463e-05	9.99463e-05	9.99463e-05	0.0139122	9.99463e-05	9.99463e-05	"A"
"FRT83_array_A"	"array"	NA	"Nestlé"	0.916052	9.99552e-05	9.99552e-05	9.99552e-05	0.00335113	0.0800972	9.99552e-05	9.99552e-05	"A"
"20723_kasp"	"kasp"	NA	NA	0.9993	9.994e-05	9.994e-05	9.994e-05	9.994e-05	9.994e-05	9.994e-05	9.994e-05	"A"
"20724_kasp"	"kasp"	NA	NA	0.9993	9.994e-05	9.994e-05	9.994e-05	9.994e-05	9.994e-05	9.994e-05	9.994e-05	"A"
"20725_kasp"	"kasp"	NA	NA	0.9993	9.994e-05	9.994e-05	9.994e-05	9.994e-05	9.994e-05	9.994e-05	9.994e-05	"A"
"20693_kasp"	"kasp"	NA	NA	0.93563	0.0137749	9.99642e-05	0.00555659	9.99642e-05	0.0446383	9.99642e-05	9.99642e-05	"A"
"20695_kasp"	"kasp"	NA	NA	0.9993	9.994e-05	9.994e-05	9.994e-05	9.994e-05	9.994e-05	9.994e-05	9.994e-05	"A"
"20708_kasp"	"kasp"	NA	NA	0.9993	9.994e-05	9.994e-05	9.994e-05	9.994e-05	9.994e-05	9.994e-05	9.994e-05	"A"
"20803_D"	"sequencing"	"Guinea"	"CNRA"	0.0093653	9.99553e-05	0.0240778	0.966057	9.99553e-05	9.99553e-05	9.99553e-05	9.99553e-05	"D"
"20233_D"	"sequencing"	"CI"	"CNRA"	9.99553e-05	9.99553e-05	0.00362084	0.979254	9.99553e-05	9.99553e-05	0.0166253	9.99553e-05	"D"
"20245_D"	"sequencing"	"CI"	"CNRA"	9.994e-05	9.994e-05	9.994e-05	0.9993	9.994e-05	9.994e-05	9.994e-05	9.994e-05	"D"
"20121_D"	"sequencing"	"CI"	"CNRA"	9.994e-05	9.994e-05	9.994e-05	0.9993	9.994e-05	9.994e-05	9.994e-05	9.994e-05	"D"
"2931_D"	"sequencing"	"CI"	"CNRA"	9.994e-05	9.994e-05	9.994e-05	0.9993	9.994e-05	9.994e-05	9.994e-05	9.994e-05	"D"
"BGQ10_D"	"sequencing"	"Ghana"	"Meise"	9.99463e-05	9.99463e-05	0.0680868	0.931314	9.99463e-05	9.99463e-05	9.99463e-05	9.99463e-05	"D"
"20135_D"	"sequencing"	"CI"	"CNRA"	9.994e-05	9.994e-05	9.994e-05	0.9993	9.994e-05	9.994e-05	9.994e-05	9.994e-05	"D"
"20159_D"	"sequencing"	"CI"	"CNRA"	9.994e-05	9.994e-05	9.994e-05	0.9993	9.994e-05	9.994e-05	9.994e-05	9.994e-05	"D"
"20159_array_D"	"array"	NA	"CNRA"	9.994e-05	9.994e-05	9.994e-05	0.9993	9.994e-05	9.994e-05	9.994e-05	9.994e-05	"D"
"20121_array_D"	"array"	NA	"CNRA"	9.994e-05	9.994e-05	9.994e-05	0.9993	9.994e-05	9.994e-05	9.994e-05	9.994e-05	"D"
"20135_array_D"	"array"	NA	"CNRA"	9.99462e-05	9.99462e-05	0.00314548	0.996255	9.99462e-05	9.99462e-05	9.99462e-05	9.99462e-05	"D"
"20145_array_D"	"array"	NA	"CNRA"	9.994e-05	9.994e-05	9.994e-05	0.9993	9.994e-05	9.994e-05	9.994e-05	9.994e-05	"D"
"20233_array_D"	"array"	NA	"CNRA"	9.994e-05	9.994e-05	9.994e-05	0.9993	9.994e-05	9.994e-05	9.994e-05	9.994e-05	"D"
"20245_array_D"	"array"	NA	"CNRA"	9.994e-05	9.994e-05	9.994e-05	0.9993	9.994e-05	9.994e-05	9.994e-05	9.994e-05	"D"
"20336_array_D"	"array"	NA	"CNRA"	9.994e-05	9.994e-05	9.994e-05	0.9993	9.994e-05	9.994e-05	9.994e-05	9.994e-05	"D"
"20354_array_D"	"array"	NA	"CNRA"	9.994e-05	9.994e-05	9.994e-05	0.9993	9.994e-05	9.994e-05	9.994e-05	9.994e-05	"D"
"20362_array_D"	"array"	NA	"CNRA"	9.994e-05	9.994e-05	9.994e-05	0.9993	9.994e-05	9.994e-05	9.994e-05	9.994e-05	"D"
"20366_array_D"	"array"	NA	"CNRA"	9.994e-05	9.994e-05	9.994e-05	0.9993	9.994e-05	9.994e-05	9.994e-05	9.994e-05	"D"
"20395_array_D"	"array"	NA	"CNRA"	9.994e-05	9.994e-05	9.994e-05	0.9993	9.994e-05	9.994e-05	9.994e-05	9.994e-05	"D"
"20406_array_D"	"array"	NA	"CNRA"	9.994e-05	9.994e-05	9.994e-05	0.9993	9.994e-05	9.994e-05	9.994e-05	9.994e-05	"D"
"CNRA6H5_array_NA"	"array"	NA	NA	0.262414	9.9956e-05	9.9956e-05	0.587294	9.9956e-05	0.149793	9.9956e-05	9.9956e-05	"hb"
"D12_1_L11_2_array_NA"	"array"	NA	NA	9.994e-05	9.994e-05	9.994e-05	0.9993	9.994e-05	9.994e-05	9.994e-05	9.994e-05	"D"
"BGQ10_array_NA"	"array"	NA	NA	9.99463e-05	9.99463e-05	0.0529892	0.946411	9.99463e-05	9.99463e-05	9.99463e-05	9.99463e-05	"D"
"20159_kasp"	"kasp"	NA	NA	9.994e-05	9.994e-05	9.994e-05	0.9993	9.994e-05	9.994e-05	9.994e-05	9.994e-05	"D"
"20121_kasp"	"kasp"	NA	NA	9.99462e-05	0.00768722	9.99462e-05	0.991713	9.99462e-05	9.99462e-05	9.99462e-05	9.99462e-05	"D"
"20135_kasp"	"kasp"	NA	NA	9.99462e-05	9.99462e-05	0.00751135	0.991889	9.99462e-05	9.99462e-05	9.99462e-05	9.99462e-05	"D"
"20145_kasp"	"kasp"	NA	NA	9.994e-05	9.994e-05	9.994e-05	0.9993	9.994e-05	9.994e-05	9.994e-05	9.994e-05	"D"
"20233_kasp"	"kasp"	NA	NA	9.994e-05	9.994e-05	9.994e-05	0.9993	9.994e-05	9.994e-05	9.994e-05	9.994e-05	"D"
"20245_kasp"	"kasp"	NA	NA	9.994e-05	9.994e-05	9.994e-05	0.9993	9.994e-05	9.994e-05	9.994e-05	9.994e-05	"D"
"20336_kasp"	"kasp"	NA	NA	9.994e-05	9.994e-05	9.994e-05	0.9993	9.994e-05	9.994e-05	9.994e-05	9.994e-05	"D"
"20354_kasp"	"kasp"	NA	NA	9.994e-05	9.994e-05	9.994e-05	0.9993	9.994e-05	9.994e-05	9.994e-05	9.994e-05	"D"
"20362_kasp"	"kasp"	NA	NA	9.99552e-05	9.99552e-05	9.99552e-05	0.976585	9.99552e-05	0.00424823	0.0186666	9.99552e-05	"D"
"20366_kasp"	"kasp"	NA	NA	9.994e-05	9.994e-05	9.994e-05	0.9993	9.994e-05	9.994e-05	9.994e-05	9.994e-05	"D"
"20395_kasp"	"kasp"	NA	NA	9.994e-05	9.994e-05	9.994e-05	0.9993	9.994e-05	9.994e-05	9.994e-05	9.994e-05	"D"
"20406_kasp"	"kasp"	NA	NA	9.994e-05	9.994e-05	9.994e-05	0.9993	9.994e-05	9.994e-05	9.994e-05	9.994e-05	"D"
"20504_E"	"sequencing"	"RCA"	"CNRA"	9.99731e-05	0.0113051	9.99731e-05	0.00339934	0.0566917	0.0176554	9.99731e-05	0.910649	"R"
"Can34_NA"	"sequencing"	"RDC"	"Meise"	9.99821e-05	9.99821e-05	0.0153065	0.0394886	0.102131	0.00803028	0.191391	0.643453	"hb"
"20516_E"	"sequencing"	"RCA"	"CNRA"	0.00441119	0.00112729	0.00526217	9.99641e-05	0.988799	9.99641e-05	9.99641e-05	9.99641e-05	"E"
"MB5_5_O"	"sequencing"	"Ug"	"NARO"	9.99554e-05	9.99554e-05	9.99554e-05	9.99554e-05	0.512839	9.99554e-05	0.364943	0.121718	"hb"
"Can12_hb"	"sequencing"	"RDC"	"Meise"	9.99642e-05	0.00335175	9.99642e-05	9.99642e-05	0.0937038	9.99642e-05	0.394875	0.507669	"hb"
"BP409_E"	"sequencing"	"Indonesia"	"ICCRI"	9.99463e-05	9.99463e-05	9.99463e-05	9.99463e-05	0.00874916	9.99463e-05	9.99463e-05	0.990651	"R"
"M1400_E"	"sequencing"	"RDC"	"Meise"	0.0405858	9.99641e-05	9.99641e-05	0.00779239	0.625133	9.99641e-05	9.99641e-05	0.326089	"hb"
"20726_E"	"sequencing"	"Congo"	"CNRA"	9.99641e-05	9.99641e-05	9.99641e-05	9.99641e-05	0.469939	0.00074388	0.0061683	0.522749	"hb"
"BGQ09_E"	"sequencing"	"Cameroon"	"Meise"	0.0237615	0.0395757	0.0721461	9.99822e-05	0.183302	0.0838666	9.99822e-05	0.597148	"hb"
"20738_E"	"sequencing"	"Congo"	"CNRA"	9.99552e-05	0.0131229	9.99552e-05	9.99552e-05	0.98091	0.00546687	9.99552e-05	9.99552e-05	"E"
"BGQ02_O"	"sequencing"	"RDC"	"Meise"	9.99642e-05	0.28108	9.99642e-05	9.99642e-05	0.401538	9.99642e-05	0.189795	0.127187	"hb"
"KL1_2_O"	"sequencing"	"Ug"	"NARO"	9.99552e-05	9.99552e-05	9.99552e-05	9.99552e-05	0.593631	9.99552e-05	0.249667	0.156202	"hb"
"20852_E"	"sequencing"	"Guinea"	"CNRA"	9.99731e-05	0.124439	0.111789	0.00402647	0.579563	9.99731e-05	9.99731e-05	0.179884	"hb"
"20662_E"	"sequencing"	"Cameroon"	"CNRA"	9.99552e-05	0.0055312	9.99552e-05	9.99552e-05	0.14394	9.99552e-05	9.99552e-05	0.850029	"R"
"KL5_2_O"	"sequencing"	"Ug"	"NARO"	9.99642e-05	0.00696033	9.99642e-05	9.99642e-05	0.514708	9.99642e-05	0.361963	0.115969	"hb"
"20650_E"	"sequencing"	"Cameroon"	"CNRA"	9.99462e-05	9.99462e-05	9.99462e-05	9.99462e-05	0.720851	9.99462e-05	9.99462e-05	0.278549	"E"
"20731_E"	"sequencing"	"Congo"	"CNRA"	0.0220403	9.99552e-05	9.99552e-05	9.99552e-05	0.724241	9.99552e-05	9.99552e-05	0.253219	"E"
"K4Y17Y2_R"	"sequencing"	"RDC"	"ICCRI"	9.994e-05	9.994e-05	9.994e-05	9.994e-05	9.994e-05	9.994e-05	9.994e-05	0.9993	"R"
"20319_array_E"	"array"	NA	"CNRA"	9.99463e-05	9.99463e-05	9.99463e-05	9.99463e-05	0.854654	9.99463e-05	9.99463e-05	0.144746	"E"
"20738_array_E"	"array"	NA	"CNRA"	9.99462e-05	9.99462e-05	9.99462e-05	9.99462e-05	0.982013	0.0173869	9.99462e-05	9.99462e-05	"E"
"20725_array_E"	"array"	NA	"CNRA"	0.000570179	9.99731e-05	0.0380735	9.99731e-05	0.279578	9.99731e-05	0.0620223	0.619456	"hb"
"20726_array_E"	"array"	NA	"CNRA"	9.99551e-05	9.99551e-05	9.99551e-05	9.99551e-05	0.544727	9.99551e-05	0.0162467	0.438526	"hb"
"20504_array_E"	"array"	NA	"CNRA"	9.99641e-05	0.0410752	9.99641e-05	0.00197137	9.99641e-05	0.00725354	9.99641e-05	0.9493	"R"
"20516_array_E"	"array"	NA	"CNRA"	9.99462e-05	0.00173494	9.99462e-05	9.99462e-05	0.997665	9.99462e-05	9.99462e-05	9.99462e-05	"E"
"20650_array_E"	"array"	NA	"CNRA"	9.99462e-05	9.99462e-05	9.99462e-05	9.99462e-05	0.692982	9.99462e-05	9.99462e-05	0.306418	"hb"
"20662_array_E"	"array"	NA	"CNRA"	9.99463e-05	9.99463e-05	9.99463e-05	9.99463e-05	0.131982	9.99463e-05	9.99463e-05	0.867418	"R"
"BP409_array_ER"	"array"	NA	"ICCRI"	9.994e-05	9.994e-05	9.994e-05	9.994e-05	9.994e-05	9.994e-05	9.994e-05	0.9993	"R"
"K4Y17Y2_array_R"	"array"	NA	"ICCRI"	9.994e-05	9.994e-05	9.994e-05	9.994e-05	9.994e-05	9.994e-05	9.994e-05	0.9993	"R"
"K5_73_4_array_R"	"array"	NA	"ICCRI"	9.994e-05	9.994e-05	9.994e-05	9.994e-05	9.994e-05	9.994e-05	9.994e-05	0.9993	"R"
"K6_38_4_array_R"	"array"	NA	"ICCRI"	9.99642e-05	9.99642e-05	9.99642e-05	9.99642e-05	0.0140527	0.0086566	0.0307535	0.946137	"R"
"K4_28_4_array_NA"	"array"	NA	NA	0.0114901	0.0257798	9.99642e-05	9.99642e-05	9.99642e-05	0.00666323	9.99642e-05	0.955667	"R"
"HD_200_094_array_NA"	"array"	NA	"IRD"	0.0492982	0.0916218	0.0775695	0.0877982	0.367621	0.0775732	9.9991e-05	0.248418	"hb"
"BGQ2_array_B"	"array"	NA	"Meise"	9.99642e-05	0.2461	9.99642e-05	9.99642e-05	0.305047	9.99642e-05	0.1988	0.249653	"hb"
"Can12_array_NA"	"array"	NA	NA	9.99642e-05	0.00395999	9.99642e-05	9.99642e-05	0.0930209	9.99642e-05	0.388312	0.514308	"hb"
"Can34_array_NA"	"array"	NA	NA	9.99552e-05	9.99552e-05	9.99552e-05	9.99552e-05	0.128256	9.99552e-05	0.277182	0.594063	"hb"
"MB1_1_array_NA"	"array"	NA	"NARO"	9.99553e-05	9.99553e-05	9.99553e-05	9.99553e-05	0.617937	9.99553e-05	0.182773	0.19879	"hb"
"MB1_2_array_NA"	"array"	NA	"NARO"	9.99552e-05	9.99552e-05	9.99552e-05	9.99552e-05	0.309294	9.99552e-05	0.212786	0.47742	"hb"
"MB1_5_array_NA"	"array"	NA	"NARO"	9.99552e-05	9.99552e-05	9.99552e-05	9.99552e-05	0.476477	9.99552e-05	0.259778	0.263246	"hb"
"MB2_4_array_NA"	"array"	NA	"NARO"	9.99553e-05	9.99553e-05	9.99553e-05	9.99553e-05	0.379202	9.99553e-05	0.405622	0.214676	"hb"
"MB3_2_array_NA"	"array"	NA	"NARO"	9.99553e-05	9.99553e-05	9.99553e-05	9.99553e-05	0.543764	9.99553e-05	0.290859	0.164877	"hb"
"MB4_3_array_NA"	"array"	NA	"NARO"	9.99821e-05	0.110164	9.99821e-05	0.00545333	0.364782	0.0114047	0.338753	0.169243	"hb"
"ML3_2_array_O"	"array"	NA	"NARO"	9.99463e-05	9.99463e-05	9.99463e-05	9.99463e-05	0.498924	9.99463e-05	0.500477	9.99463e-05	"hb"
"20738_kasp"	"kasp"	NA	NA	9.994e-05	9.994e-05	9.994e-05	9.994e-05	0.9993	9.994e-05	9.994e-05	9.994e-05	"E"
"20726_kasp"	"kasp"	NA	NA	9.99551e-05	9.99551e-05	9.99551e-05	9.99551e-05	0.592511	0.0170049	9.99551e-05	0.389985	"hb"
"20504_kasp"	"kasp"	NA	NA	9.99551e-05	9.99551e-05	9.99551e-05	9.99551e-05	0.0235667	0.0112279	9.99551e-05	0.964706	"R"
"20516_kasp"	"kasp"	NA	NA	9.99462e-05	9.99462e-05	0.00982696	9.99462e-05	0.989573	9.99462e-05	9.99462e-05	9.99462e-05	"E"
"20650_kasp"	"kasp"	NA	NA	9.99462e-05	9.99462e-05	9.99462e-05	9.99462e-05	0.671965	9.99462e-05	9.99462e-05	0.327436	"hb"
"20662_kasp"	"kasp"	NA	NA	9.99642e-05	0.0476066	0.00126845	9.99642e-05	0.137066	9.99642e-05	9.99642e-05	0.813659	"R"
"20319_kasp"	"kasp"	NA	NA	9.99642e-05	0.00665411	0.029053	9.99642e-05	0.853595	9.99642e-05	9.99642e-05	0.110298	"E"
"BGQ06_hb"	"sequencing"	"Angola"	"Meise"	0.00838333	0.0362492	0.331137	9.999e-05	0.0991191	0.161142	0.280351	0.0835187	"hb"
"29054_C"	"sequencing"	"RCA"	"CNRA"	9.994e-05	9.994e-05	0.9993	9.994e-05	9.994e-05	9.994e-05	9.994e-05	9.994e-05	"C"
"20683_C"	"sequencing"	"Cameroon"	"CNRA"	9.994e-05	9.994e-05	0.9993	9.994e-05	9.994e-05	9.994e-05	9.994e-05	9.994e-05	"C"
"BGQ08_C"	"sequencing"	"RCA"	"Meise"	9.99642e-05	0.0517578	0.932181	0.011138	9.99642e-05	9.99642e-05	0.00452312	9.99642e-05	"C"
"20685_C"	"sequencing"	"Cameroon"	"CNRA"	9.99553e-05	9.99553e-05	0.893538	0.0216043	9.99553e-05	9.99553e-05	9.99553e-05	0.084358	"C"
"20656_C"	"sequencing"	"Cameroon"	"CNRA"	0.0294798	9.9964e-05	0.75163	0.166853	9.9964e-05	0.0516368	9.9964e-05	9.9964e-05	"C"
"29004_C"	"sequencing"	"RCA"	"CNRA"	9.994e-05	9.994e-05	0.9993	9.994e-05	9.994e-05	9.994e-05	9.994e-05	9.994e-05	"C"
"20658_C"	"sequencing"	"Cameroon"	"CNRA"	9.99551e-05	9.99551e-05	0.80271	0.173605	9.99551e-05	0.0231847	9.99551e-05	9.99551e-05	"C"
"20716_array_NA"	"array"	NA	NA	9.99464e-05	9.99464e-05	0.94945	0.0499502	9.99464e-05	9.99464e-05	9.99464e-05	9.99464e-05	"C"
"29054_array_C"	"array"	NA	"CNRA"	9.99461e-05	9.99461e-05	0.993052	9.99461e-05	9.99461e-05	0.00634838	9.99461e-05	9.99461e-05	"C"
"20658_array_C"	"array"	NA	"CNRA"	9.99551e-05	9.99551e-05	0.758262	0.184562	9.99551e-05	0.0566769	9.99551e-05	9.99551e-05	"C"
"20667_array_C"	"array"	NA	"CNRA"	9.99463e-05	9.99463e-05	0.979388	9.99463e-05	9.99463e-05	0.0200124	9.99463e-05	9.99463e-05	"C"
"20683_array_C"	"array"	NA	"CNRA"	9.99462e-05	9.99462e-05	0.998268	9.99462e-05	0.00113208	9.99462e-05	9.99462e-05	9.99462e-05	"C"
"D12_11_L29_15_array_NA"	"array"	NA	NA	9.99641e-05	9.99641e-05	0.975909	9.99641e-05	0.00306624	9.99641e-05	0.0175302	0.00309484	"C"
"29054_kasp"	"kasp"	NA	NA	0.00525802	9.99463e-05	0.994142	9.99463e-05	9.99463e-05	9.99463e-05	9.99463e-05	9.99463e-05	"C"
"20716_kasp"	"kasp"	NA	NA	9.99464e-05	9.99464e-05	0.955936	0.043464	9.99464e-05	9.99464e-05	9.99464e-05	9.99464e-05	"C"
"20658_kasp"	"kasp"	NA	NA	9.99551e-05	9.99551e-05	0.793609	0.194832	9.99551e-05	0.0110593	9.99551e-05	9.99551e-05	"C"
"20667_kasp"	"kasp"	NA	NA	9.99641e-05	0.00196681	0.928507	0.0636545	9.99641e-05	0.00547209	9.99641e-05	9.99641e-05	"C"
"20683_kasp"	"kasp"	NA	NA	9.994e-05	9.994e-05	0.9993	9.994e-05	9.994e-05	9.994e-05	9.994e-05	9.994e-05	"C"
